12 3
0.2991 0.2931 0.4079
0.0984 -0.0071 0.0202 -0 0.0001 0.0001 -0.0374 0.0014 -0.0056 0 0 0
0.0491 -0.0052 0.0109 -0 -0 0.0001 -0.008 0.0007 -0.0049 0.0001 0.0001 0.0001
0.19 -0.0183 -0.0067 0 0 0.0002 -0.0242 0.0016 0.0151 -0.0001 -0.0001 -0.0001
0.0028 -0.0002 -0 0 0 -0 -0.001 0 0.0001 -0 -0 -0
-0.0002 0.0001 0 0 0 0 0.0001 -0.0001 -0 0 0 0
-0 0 0.0003 0 -0 0 -0 -0 -0.0001 0 0 0
0 0 0 0 0 0 -0 -0 -0 -0 -0 -0
0 0 -0 0 0 0 -0 -0 0 -0 -0 -0
-0 0 0 0 0 0 -0 -0 -0 -0 -0 -0
-0.001 0.0001 -0 -0 -0 -0 0.0021 -0 0 0 0 0
0 -0.0001 -0 -0 -0 -0 -0 0.0002 -0 0 0 0
0.0001 -0 -0.0001 -0 0 -0 0 -0 0.0007 0 0 0
-0 0 0 -0 -0 -0 0 0 0 0 0 0
-0 0 0 -0 -0 -0 0 0 0 0 0 0
-0 0 0 -0 -0 -0 0 0 0 0 0 0
0.0017 -0.0001 0.0001 0 0 0 -0.0003 0 -0.0001 -0 -0 -0
-0.0001 0.0001 -0 0 0 0 0 -0 0 0 0 0
0.0001 -0 0.0001 0 0 0 -0 -0 -0 0 0 0
0 0 0 0 0 0 -0 -0 -0 -0 -0 -0
0 0 0 0 0 0 -0 -0 -0 -0 -0 -0
0 0 0 0 0 0 -0 -0 -0 -0 -0 -0
-0.0003 0 -0 -0 -0 -0 0.0002 -0 0 0 0 0
0 -0 -0 -0 -0 -0 -0 0 0 0 0 0
-0.0001 0 -0 -0 -0 -0 0 0 0.0003 0 0 0
-0 0 0 -0 -0 -0 0 0 0 0 0 0
-0 0 0 -0 -0 -0 0 0 0 0 0 0
-0 0 0 -0 -0 -0 0 0 0 0 0 0
0.0018 -0.0001 0 0 0 0 -0.0002 -0 0.0001 0 0 -0
-0.0001 0.0001 0 0 0 0 -0 -0 -0 0 0 0
0 0 0.0008 0 -0 0 -0 0 -0.0003 0 0 0
0 0 0 0 0 0 -0 0 0 -0 -0 -0
0 0 -0 0 0 0 -0 -0 0 -0 -0 -0
0 0 0 0 0 0 -0 -0 -0 -0 -0 -0
-0.0002 -0 -0 -0 -0 -0 0.0005 -0 -0 0 0 0
-0 -0 0 0 -0 -0 -0 0.0001 -0 0 0 0
0.0001 -0 -0.0003 0 0 -0 -0 -0 0.0004 0 0 0
0 0 0 -0 -0 -0 0 0 0 0 0 0
0 0 0 -0 -0 -0 0 0 0 0 0 0
-0 0 0 -0 -0 -0 0 0 0 0 0 0
